{
 "cells": [
  {
   "cell_type": "code",
   "execution_count": 223,
   "id": "f40b9393",
   "metadata": {},
   "outputs": [],
   "source": [
    "import pandas as pd \n",
    "import numpy as np \n",
    "import matplotlib.pyplot as plt \n",
    "from sklearn.model_selection import GridSearchCV\n",
    "from sklearn.model_selection import cross_val_score\n",
    "from sklearn.neighbors import KNeighborsClassifier\n",
    "from sklearn.metrics import classification_report,confusion_matrix\n",
    "from imblearn.combine import SMOTETomek\n",
    "from sklearn.model_selection import KFold\n",
    "import os\n",
    "from imblearn.combine import SMOTEENN\n",
    "from sklearn.model_selection import train_test_split\n"
   ]
  },
  {
   "cell_type": "code",
   "execution_count": 224,
   "id": "082c1436",
   "metadata": {},
   "outputs": [],
   "source": [
    "df = pd.read_csv(r\"C:\\Users\\Adith\\Desktop\\Data Science_Excel R\\home assignments\\KNN\\Zoo.csv\")"
   ]
  },
  {
   "cell_type": "code",
   "execution_count": 225,
   "id": "99dd7586",
   "metadata": {},
   "outputs": [
    {
     "data": {
      "text/html": [
       "<div>\n",
       "<style scoped>\n",
       "    .dataframe tbody tr th:only-of-type {\n",
       "        vertical-align: middle;\n",
       "    }\n",
       "\n",
       "    .dataframe tbody tr th {\n",
       "        vertical-align: top;\n",
       "    }\n",
       "\n",
       "    .dataframe thead th {\n",
       "        text-align: right;\n",
       "    }\n",
       "</style>\n",
       "<table border=\"1\" class=\"dataframe\">\n",
       "  <thead>\n",
       "    <tr style=\"text-align: right;\">\n",
       "      <th></th>\n",
       "      <th>animal name</th>\n",
       "      <th>hair</th>\n",
       "      <th>feathers</th>\n",
       "      <th>eggs</th>\n",
       "      <th>milk</th>\n",
       "      <th>airborne</th>\n",
       "      <th>aquatic</th>\n",
       "      <th>predator</th>\n",
       "      <th>toothed</th>\n",
       "      <th>backbone</th>\n",
       "      <th>breathes</th>\n",
       "      <th>venomous</th>\n",
       "      <th>fins</th>\n",
       "      <th>legs</th>\n",
       "      <th>tail</th>\n",
       "      <th>domestic</th>\n",
       "      <th>catsize</th>\n",
       "      <th>type</th>\n",
       "    </tr>\n",
       "  </thead>\n",
       "  <tbody>\n",
       "    <tr>\n",
       "      <th>0</th>\n",
       "      <td>aardvark</td>\n",
       "      <td>1</td>\n",
       "      <td>0</td>\n",
       "      <td>0</td>\n",
       "      <td>1</td>\n",
       "      <td>0</td>\n",
       "      <td>0</td>\n",
       "      <td>1</td>\n",
       "      <td>1</td>\n",
       "      <td>1</td>\n",
       "      <td>1</td>\n",
       "      <td>0</td>\n",
       "      <td>0</td>\n",
       "      <td>4</td>\n",
       "      <td>0</td>\n",
       "      <td>0</td>\n",
       "      <td>1</td>\n",
       "      <td>1</td>\n",
       "    </tr>\n",
       "    <tr>\n",
       "      <th>1</th>\n",
       "      <td>antelope</td>\n",
       "      <td>1</td>\n",
       "      <td>0</td>\n",
       "      <td>0</td>\n",
       "      <td>1</td>\n",
       "      <td>0</td>\n",
       "      <td>0</td>\n",
       "      <td>0</td>\n",
       "      <td>1</td>\n",
       "      <td>1</td>\n",
       "      <td>1</td>\n",
       "      <td>0</td>\n",
       "      <td>0</td>\n",
       "      <td>4</td>\n",
       "      <td>1</td>\n",
       "      <td>0</td>\n",
       "      <td>1</td>\n",
       "      <td>1</td>\n",
       "    </tr>\n",
       "    <tr>\n",
       "      <th>2</th>\n",
       "      <td>bass</td>\n",
       "      <td>0</td>\n",
       "      <td>0</td>\n",
       "      <td>1</td>\n",
       "      <td>0</td>\n",
       "      <td>0</td>\n",
       "      <td>1</td>\n",
       "      <td>1</td>\n",
       "      <td>1</td>\n",
       "      <td>1</td>\n",
       "      <td>0</td>\n",
       "      <td>0</td>\n",
       "      <td>1</td>\n",
       "      <td>0</td>\n",
       "      <td>1</td>\n",
       "      <td>0</td>\n",
       "      <td>0</td>\n",
       "      <td>4</td>\n",
       "    </tr>\n",
       "    <tr>\n",
       "      <th>3</th>\n",
       "      <td>bear</td>\n",
       "      <td>1</td>\n",
       "      <td>0</td>\n",
       "      <td>0</td>\n",
       "      <td>1</td>\n",
       "      <td>0</td>\n",
       "      <td>0</td>\n",
       "      <td>1</td>\n",
       "      <td>1</td>\n",
       "      <td>1</td>\n",
       "      <td>1</td>\n",
       "      <td>0</td>\n",
       "      <td>0</td>\n",
       "      <td>4</td>\n",
       "      <td>0</td>\n",
       "      <td>0</td>\n",
       "      <td>1</td>\n",
       "      <td>1</td>\n",
       "    </tr>\n",
       "    <tr>\n",
       "      <th>4</th>\n",
       "      <td>boar</td>\n",
       "      <td>1</td>\n",
       "      <td>0</td>\n",
       "      <td>0</td>\n",
       "      <td>1</td>\n",
       "      <td>0</td>\n",
       "      <td>0</td>\n",
       "      <td>1</td>\n",
       "      <td>1</td>\n",
       "      <td>1</td>\n",
       "      <td>1</td>\n",
       "      <td>0</td>\n",
       "      <td>0</td>\n",
       "      <td>4</td>\n",
       "      <td>1</td>\n",
       "      <td>0</td>\n",
       "      <td>1</td>\n",
       "      <td>1</td>\n",
       "    </tr>\n",
       "  </tbody>\n",
       "</table>\n",
       "</div>"
      ],
      "text/plain": [
       "  animal name  hair  feathers  eggs  milk  airborne  aquatic  predator  \\\n",
       "0    aardvark     1         0     0     1         0        0         1   \n",
       "1    antelope     1         0     0     1         0        0         0   \n",
       "2        bass     0         0     1     0         0        1         1   \n",
       "3        bear     1         0     0     1         0        0         1   \n",
       "4        boar     1         0     0     1         0        0         1   \n",
       "\n",
       "   toothed  backbone  breathes  venomous  fins  legs  tail  domestic  catsize  \\\n",
       "0        1         1         1         0     0     4     0         0        1   \n",
       "1        1         1         1         0     0     4     1         0        1   \n",
       "2        1         1         0         0     1     0     1         0        0   \n",
       "3        1         1         1         0     0     4     0         0        1   \n",
       "4        1         1         1         0     0     4     1         0        1   \n",
       "\n",
       "   type  \n",
       "0     1  \n",
       "1     1  \n",
       "2     4  \n",
       "3     1  \n",
       "4     1  "
      ]
     },
     "execution_count": 225,
     "metadata": {},
     "output_type": "execute_result"
    }
   ],
   "source": [
    "df.head()"
   ]
  },
  {
   "cell_type": "code",
   "execution_count": 226,
   "id": "81782ea4",
   "metadata": {},
   "outputs": [
    {
     "name": "stdout",
     "output_type": "stream",
     "text": [
      "<class 'pandas.core.frame.DataFrame'>\n",
      "RangeIndex: 101 entries, 0 to 100\n",
      "Data columns (total 18 columns):\n",
      " #   Column       Non-Null Count  Dtype \n",
      "---  ------       --------------  ----- \n",
      " 0   animal name  101 non-null    object\n",
      " 1   hair         101 non-null    int64 \n",
      " 2   feathers     101 non-null    int64 \n",
      " 3   eggs         101 non-null    int64 \n",
      " 4   milk         101 non-null    int64 \n",
      " 5   airborne     101 non-null    int64 \n",
      " 6   aquatic      101 non-null    int64 \n",
      " 7   predator     101 non-null    int64 \n",
      " 8   toothed      101 non-null    int64 \n",
      " 9   backbone     101 non-null    int64 \n",
      " 10  breathes     101 non-null    int64 \n",
      " 11  venomous     101 non-null    int64 \n",
      " 12  fins         101 non-null    int64 \n",
      " 13  legs         101 non-null    int64 \n",
      " 14  tail         101 non-null    int64 \n",
      " 15  domestic     101 non-null    int64 \n",
      " 16  catsize      101 non-null    int64 \n",
      " 17  type         101 non-null    int64 \n",
      "dtypes: int64(17), object(1)\n",
      "memory usage: 14.3+ KB\n"
     ]
    }
   ],
   "source": [
    "#checking for info \n",
    "df.info()"
   ]
  },
  {
   "cell_type": "code",
   "execution_count": 227,
   "id": "a6a56c32",
   "metadata": {
    "scrolled": true
   },
   "outputs": [
    {
     "data": {
      "text/html": [
       "<div>\n",
       "<style scoped>\n",
       "    .dataframe tbody tr th:only-of-type {\n",
       "        vertical-align: middle;\n",
       "    }\n",
       "\n",
       "    .dataframe tbody tr th {\n",
       "        vertical-align: top;\n",
       "    }\n",
       "\n",
       "    .dataframe thead th {\n",
       "        text-align: right;\n",
       "    }\n",
       "</style>\n",
       "<table border=\"1\" class=\"dataframe\">\n",
       "  <thead>\n",
       "    <tr style=\"text-align: right;\">\n",
       "      <th></th>\n",
       "      <th>hair</th>\n",
       "      <th>feathers</th>\n",
       "      <th>eggs</th>\n",
       "      <th>milk</th>\n",
       "      <th>airborne</th>\n",
       "      <th>aquatic</th>\n",
       "      <th>predator</th>\n",
       "      <th>toothed</th>\n",
       "      <th>backbone</th>\n",
       "      <th>breathes</th>\n",
       "      <th>venomous</th>\n",
       "      <th>fins</th>\n",
       "      <th>legs</th>\n",
       "      <th>tail</th>\n",
       "      <th>domestic</th>\n",
       "      <th>catsize</th>\n",
       "      <th>type</th>\n",
       "    </tr>\n",
       "  </thead>\n",
       "  <tbody>\n",
       "    <tr>\n",
       "      <th>count</th>\n",
       "      <td>101.000000</td>\n",
       "      <td>101.000000</td>\n",
       "      <td>101.000000</td>\n",
       "      <td>101.000000</td>\n",
       "      <td>101.000000</td>\n",
       "      <td>101.000000</td>\n",
       "      <td>101.000000</td>\n",
       "      <td>101.000000</td>\n",
       "      <td>101.000000</td>\n",
       "      <td>101.000000</td>\n",
       "      <td>101.000000</td>\n",
       "      <td>101.000000</td>\n",
       "      <td>101.000000</td>\n",
       "      <td>101.000000</td>\n",
       "      <td>101.000000</td>\n",
       "      <td>101.000000</td>\n",
       "      <td>101.000000</td>\n",
       "    </tr>\n",
       "    <tr>\n",
       "      <th>mean</th>\n",
       "      <td>0.425743</td>\n",
       "      <td>0.198020</td>\n",
       "      <td>0.584158</td>\n",
       "      <td>0.405941</td>\n",
       "      <td>0.237624</td>\n",
       "      <td>0.356436</td>\n",
       "      <td>0.554455</td>\n",
       "      <td>0.603960</td>\n",
       "      <td>0.821782</td>\n",
       "      <td>0.792079</td>\n",
       "      <td>0.079208</td>\n",
       "      <td>0.168317</td>\n",
       "      <td>2.841584</td>\n",
       "      <td>0.742574</td>\n",
       "      <td>0.128713</td>\n",
       "      <td>0.435644</td>\n",
       "      <td>2.831683</td>\n",
       "    </tr>\n",
       "    <tr>\n",
       "      <th>std</th>\n",
       "      <td>0.496921</td>\n",
       "      <td>0.400495</td>\n",
       "      <td>0.495325</td>\n",
       "      <td>0.493522</td>\n",
       "      <td>0.427750</td>\n",
       "      <td>0.481335</td>\n",
       "      <td>0.499505</td>\n",
       "      <td>0.491512</td>\n",
       "      <td>0.384605</td>\n",
       "      <td>0.407844</td>\n",
       "      <td>0.271410</td>\n",
       "      <td>0.376013</td>\n",
       "      <td>2.033385</td>\n",
       "      <td>0.439397</td>\n",
       "      <td>0.336552</td>\n",
       "      <td>0.498314</td>\n",
       "      <td>2.102709</td>\n",
       "    </tr>\n",
       "    <tr>\n",
       "      <th>min</th>\n",
       "      <td>0.000000</td>\n",
       "      <td>0.000000</td>\n",
       "      <td>0.000000</td>\n",
       "      <td>0.000000</td>\n",
       "      <td>0.000000</td>\n",
       "      <td>0.000000</td>\n",
       "      <td>0.000000</td>\n",
       "      <td>0.000000</td>\n",
       "      <td>0.000000</td>\n",
       "      <td>0.000000</td>\n",
       "      <td>0.000000</td>\n",
       "      <td>0.000000</td>\n",
       "      <td>0.000000</td>\n",
       "      <td>0.000000</td>\n",
       "      <td>0.000000</td>\n",
       "      <td>0.000000</td>\n",
       "      <td>1.000000</td>\n",
       "    </tr>\n",
       "    <tr>\n",
       "      <th>25%</th>\n",
       "      <td>0.000000</td>\n",
       "      <td>0.000000</td>\n",
       "      <td>0.000000</td>\n",
       "      <td>0.000000</td>\n",
       "      <td>0.000000</td>\n",
       "      <td>0.000000</td>\n",
       "      <td>0.000000</td>\n",
       "      <td>0.000000</td>\n",
       "      <td>1.000000</td>\n",
       "      <td>1.000000</td>\n",
       "      <td>0.000000</td>\n",
       "      <td>0.000000</td>\n",
       "      <td>2.000000</td>\n",
       "      <td>0.000000</td>\n",
       "      <td>0.000000</td>\n",
       "      <td>0.000000</td>\n",
       "      <td>1.000000</td>\n",
       "    </tr>\n",
       "    <tr>\n",
       "      <th>50%</th>\n",
       "      <td>0.000000</td>\n",
       "      <td>0.000000</td>\n",
       "      <td>1.000000</td>\n",
       "      <td>0.000000</td>\n",
       "      <td>0.000000</td>\n",
       "      <td>0.000000</td>\n",
       "      <td>1.000000</td>\n",
       "      <td>1.000000</td>\n",
       "      <td>1.000000</td>\n",
       "      <td>1.000000</td>\n",
       "      <td>0.000000</td>\n",
       "      <td>0.000000</td>\n",
       "      <td>4.000000</td>\n",
       "      <td>1.000000</td>\n",
       "      <td>0.000000</td>\n",
       "      <td>0.000000</td>\n",
       "      <td>2.000000</td>\n",
       "    </tr>\n",
       "    <tr>\n",
       "      <th>75%</th>\n",
       "      <td>1.000000</td>\n",
       "      <td>0.000000</td>\n",
       "      <td>1.000000</td>\n",
       "      <td>1.000000</td>\n",
       "      <td>0.000000</td>\n",
       "      <td>1.000000</td>\n",
       "      <td>1.000000</td>\n",
       "      <td>1.000000</td>\n",
       "      <td>1.000000</td>\n",
       "      <td>1.000000</td>\n",
       "      <td>0.000000</td>\n",
       "      <td>0.000000</td>\n",
       "      <td>4.000000</td>\n",
       "      <td>1.000000</td>\n",
       "      <td>0.000000</td>\n",
       "      <td>1.000000</td>\n",
       "      <td>4.000000</td>\n",
       "    </tr>\n",
       "    <tr>\n",
       "      <th>max</th>\n",
       "      <td>1.000000</td>\n",
       "      <td>1.000000</td>\n",
       "      <td>1.000000</td>\n",
       "      <td>1.000000</td>\n",
       "      <td>1.000000</td>\n",
       "      <td>1.000000</td>\n",
       "      <td>1.000000</td>\n",
       "      <td>1.000000</td>\n",
       "      <td>1.000000</td>\n",
       "      <td>1.000000</td>\n",
       "      <td>1.000000</td>\n",
       "      <td>1.000000</td>\n",
       "      <td>8.000000</td>\n",
       "      <td>1.000000</td>\n",
       "      <td>1.000000</td>\n",
       "      <td>1.000000</td>\n",
       "      <td>7.000000</td>\n",
       "    </tr>\n",
       "  </tbody>\n",
       "</table>\n",
       "</div>"
      ],
      "text/plain": [
       "             hair    feathers        eggs        milk    airborne     aquatic  \\\n",
       "count  101.000000  101.000000  101.000000  101.000000  101.000000  101.000000   \n",
       "mean     0.425743    0.198020    0.584158    0.405941    0.237624    0.356436   \n",
       "std      0.496921    0.400495    0.495325    0.493522    0.427750    0.481335   \n",
       "min      0.000000    0.000000    0.000000    0.000000    0.000000    0.000000   \n",
       "25%      0.000000    0.000000    0.000000    0.000000    0.000000    0.000000   \n",
       "50%      0.000000    0.000000    1.000000    0.000000    0.000000    0.000000   \n",
       "75%      1.000000    0.000000    1.000000    1.000000    0.000000    1.000000   \n",
       "max      1.000000    1.000000    1.000000    1.000000    1.000000    1.000000   \n",
       "\n",
       "         predator     toothed    backbone    breathes    venomous        fins  \\\n",
       "count  101.000000  101.000000  101.000000  101.000000  101.000000  101.000000   \n",
       "mean     0.554455    0.603960    0.821782    0.792079    0.079208    0.168317   \n",
       "std      0.499505    0.491512    0.384605    0.407844    0.271410    0.376013   \n",
       "min      0.000000    0.000000    0.000000    0.000000    0.000000    0.000000   \n",
       "25%      0.000000    0.000000    1.000000    1.000000    0.000000    0.000000   \n",
       "50%      1.000000    1.000000    1.000000    1.000000    0.000000    0.000000   \n",
       "75%      1.000000    1.000000    1.000000    1.000000    0.000000    0.000000   \n",
       "max      1.000000    1.000000    1.000000    1.000000    1.000000    1.000000   \n",
       "\n",
       "             legs        tail    domestic     catsize        type  \n",
       "count  101.000000  101.000000  101.000000  101.000000  101.000000  \n",
       "mean     2.841584    0.742574    0.128713    0.435644    2.831683  \n",
       "std      2.033385    0.439397    0.336552    0.498314    2.102709  \n",
       "min      0.000000    0.000000    0.000000    0.000000    1.000000  \n",
       "25%      2.000000    0.000000    0.000000    0.000000    1.000000  \n",
       "50%      4.000000    1.000000    0.000000    0.000000    2.000000  \n",
       "75%      4.000000    1.000000    0.000000    1.000000    4.000000  \n",
       "max      8.000000    1.000000    1.000000    1.000000    7.000000  "
      ]
     },
     "execution_count": 227,
     "metadata": {},
     "output_type": "execute_result"
    }
   ],
   "source": [
    "#checking with descriptive statistics\n",
    "df.describe()"
   ]
  },
  {
   "cell_type": "code",
   "execution_count": 228,
   "id": "5b4e9a31",
   "metadata": {
    "scrolled": false
   },
   "outputs": [
    {
     "data": {
      "text/html": [
       "<div>\n",
       "<style scoped>\n",
       "    .dataframe tbody tr th:only-of-type {\n",
       "        vertical-align: middle;\n",
       "    }\n",
       "\n",
       "    .dataframe tbody tr th {\n",
       "        vertical-align: top;\n",
       "    }\n",
       "\n",
       "    .dataframe thead th {\n",
       "        text-align: right;\n",
       "    }\n",
       "</style>\n",
       "<table border=\"1\" class=\"dataframe\">\n",
       "  <thead>\n",
       "    <tr style=\"text-align: right;\">\n",
       "      <th></th>\n",
       "      <th>hair</th>\n",
       "      <th>feathers</th>\n",
       "      <th>eggs</th>\n",
       "      <th>milk</th>\n",
       "      <th>airborne</th>\n",
       "      <th>aquatic</th>\n",
       "      <th>predator</th>\n",
       "      <th>toothed</th>\n",
       "      <th>backbone</th>\n",
       "      <th>breathes</th>\n",
       "      <th>venomous</th>\n",
       "      <th>fins</th>\n",
       "      <th>legs</th>\n",
       "      <th>tail</th>\n",
       "      <th>domestic</th>\n",
       "      <th>catsize</th>\n",
       "      <th>type</th>\n",
       "    </tr>\n",
       "  </thead>\n",
       "  <tbody>\n",
       "    <tr>\n",
       "      <th>hair</th>\n",
       "      <td>1.000000</td>\n",
       "      <td>-0.427851</td>\n",
       "      <td>-0.817382</td>\n",
       "      <td>0.878503</td>\n",
       "      <td>-0.198431</td>\n",
       "      <td>-0.473554</td>\n",
       "      <td>-0.154769</td>\n",
       "      <td>0.492531</td>\n",
       "      <td>0.191681</td>\n",
       "      <td>0.441149</td>\n",
       "      <td>-0.104245</td>\n",
       "      <td>-0.280313</td>\n",
       "      <td>0.394009</td>\n",
       "      <td>0.048973</td>\n",
       "      <td>0.207208</td>\n",
       "      <td>0.455020</td>\n",
       "      <td>-0.562384</td>\n",
       "    </tr>\n",
       "    <tr>\n",
       "      <th>feathers</th>\n",
       "      <td>-0.427851</td>\n",
       "      <td>1.000000</td>\n",
       "      <td>0.419248</td>\n",
       "      <td>-0.410761</td>\n",
       "      <td>0.656553</td>\n",
       "      <td>-0.058552</td>\n",
       "      <td>-0.104430</td>\n",
       "      <td>-0.613631</td>\n",
       "      <td>0.231403</td>\n",
       "      <td>0.254588</td>\n",
       "      <td>-0.145739</td>\n",
       "      <td>-0.223541</td>\n",
       "      <td>-0.206686</td>\n",
       "      <td>0.292569</td>\n",
       "      <td>0.031586</td>\n",
       "      <td>-0.135934</td>\n",
       "      <td>-0.197520</td>\n",
       "    </tr>\n",
       "    <tr>\n",
       "      <th>eggs</th>\n",
       "      <td>-0.817382</td>\n",
       "      <td>0.419248</td>\n",
       "      <td>1.000000</td>\n",
       "      <td>-0.938848</td>\n",
       "      <td>0.376646</td>\n",
       "      <td>0.376244</td>\n",
       "      <td>0.011605</td>\n",
       "      <td>-0.642150</td>\n",
       "      <td>-0.340420</td>\n",
       "      <td>-0.382777</td>\n",
       "      <td>0.098689</td>\n",
       "      <td>0.164796</td>\n",
       "      <td>-0.224918</td>\n",
       "      <td>-0.221090</td>\n",
       "      <td>-0.155610</td>\n",
       "      <td>-0.514650</td>\n",
       "      <td>0.661825</td>\n",
       "    </tr>\n",
       "    <tr>\n",
       "      <th>milk</th>\n",
       "      <td>0.878503</td>\n",
       "      <td>-0.410761</td>\n",
       "      <td>-0.938848</td>\n",
       "      <td>1.000000</td>\n",
       "      <td>-0.366765</td>\n",
       "      <td>-0.362613</td>\n",
       "      <td>-0.029721</td>\n",
       "      <td>0.628168</td>\n",
       "      <td>0.384958</td>\n",
       "      <td>0.423527</td>\n",
       "      <td>-0.242449</td>\n",
       "      <td>-0.156328</td>\n",
       "      <td>0.214196</td>\n",
       "      <td>0.210026</td>\n",
       "      <td>0.163928</td>\n",
       "      <td>0.574906</td>\n",
       "      <td>-0.723683</td>\n",
       "    </tr>\n",
       "    <tr>\n",
       "      <th>airborne</th>\n",
       "      <td>-0.198431</td>\n",
       "      <td>0.656553</td>\n",
       "      <td>0.376646</td>\n",
       "      <td>-0.366765</td>\n",
       "      <td>1.000000</td>\n",
       "      <td>-0.172638</td>\n",
       "      <td>-0.295181</td>\n",
       "      <td>-0.594311</td>\n",
       "      <td>-0.104718</td>\n",
       "      <td>0.286039</td>\n",
       "      <td>0.008528</td>\n",
       "      <td>-0.251157</td>\n",
       "      <td>0.043712</td>\n",
       "      <td>0.009482</td>\n",
       "      <td>0.063274</td>\n",
       "      <td>-0.349768</td>\n",
       "      <td>0.022677</td>\n",
       "    </tr>\n",
       "    <tr>\n",
       "      <th>aquatic</th>\n",
       "      <td>-0.473554</td>\n",
       "      <td>-0.058552</td>\n",
       "      <td>0.376244</td>\n",
       "      <td>-0.362613</td>\n",
       "      <td>-0.172638</td>\n",
       "      <td>1.000000</td>\n",
       "      <td>0.375978</td>\n",
       "      <td>0.053150</td>\n",
       "      <td>0.022463</td>\n",
       "      <td>-0.637506</td>\n",
       "      <td>0.087915</td>\n",
       "      <td>0.604492</td>\n",
       "      <td>-0.360638</td>\n",
       "      <td>-0.034642</td>\n",
       "      <td>-0.224308</td>\n",
       "      <td>-0.111866</td>\n",
       "      <td>0.326639</td>\n",
       "    </tr>\n",
       "    <tr>\n",
       "      <th>predator</th>\n",
       "      <td>-0.154769</td>\n",
       "      <td>-0.104430</td>\n",
       "      <td>0.011605</td>\n",
       "      <td>-0.029721</td>\n",
       "      <td>-0.295181</td>\n",
       "      <td>0.375978</td>\n",
       "      <td>1.000000</td>\n",
       "      <td>0.129452</td>\n",
       "      <td>0.051022</td>\n",
       "      <td>-0.262931</td>\n",
       "      <td>0.115391</td>\n",
       "      <td>0.190302</td>\n",
       "      <td>-0.099723</td>\n",
       "      <td>0.018947</td>\n",
       "      <td>-0.309794</td>\n",
       "      <td>0.144790</td>\n",
       "      <td>0.061179</td>\n",
       "    </tr>\n",
       "    <tr>\n",
       "      <th>toothed</th>\n",
       "      <td>0.492531</td>\n",
       "      <td>-0.613631</td>\n",
       "      <td>-0.642150</td>\n",
       "      <td>0.628168</td>\n",
       "      <td>-0.594311</td>\n",
       "      <td>0.053150</td>\n",
       "      <td>0.129452</td>\n",
       "      <td>1.000000</td>\n",
       "      <td>0.575085</td>\n",
       "      <td>-0.065690</td>\n",
       "      <td>-0.062344</td>\n",
       "      <td>0.364292</td>\n",
       "      <td>-0.193476</td>\n",
       "      <td>0.310368</td>\n",
       "      <td>0.069430</td>\n",
       "      <td>0.344010</td>\n",
       "      <td>-0.471527</td>\n",
       "    </tr>\n",
       "    <tr>\n",
       "      <th>backbone</th>\n",
       "      <td>0.191681</td>\n",
       "      <td>0.231403</td>\n",
       "      <td>-0.340420</td>\n",
       "      <td>0.384958</td>\n",
       "      <td>-0.104718</td>\n",
       "      <td>0.022463</td>\n",
       "      <td>0.051022</td>\n",
       "      <td>0.575085</td>\n",
       "      <td>1.000000</td>\n",
       "      <td>0.207666</td>\n",
       "      <td>-0.246611</td>\n",
       "      <td>0.209499</td>\n",
       "      <td>-0.432856</td>\n",
       "      <td>0.731762</td>\n",
       "      <td>0.101733</td>\n",
       "      <td>0.356976</td>\n",
       "      <td>-0.828845</td>\n",
       "    </tr>\n",
       "    <tr>\n",
       "      <th>breathes</th>\n",
       "      <td>0.441149</td>\n",
       "      <td>0.254588</td>\n",
       "      <td>-0.382777</td>\n",
       "      <td>0.423527</td>\n",
       "      <td>0.286039</td>\n",
       "      <td>-0.637506</td>\n",
       "      <td>-0.262931</td>\n",
       "      <td>-0.065690</td>\n",
       "      <td>0.207666</td>\n",
       "      <td>1.000000</td>\n",
       "      <td>-0.120752</td>\n",
       "      <td>-0.617219</td>\n",
       "      <td>0.369868</td>\n",
       "      <td>0.088952</td>\n",
       "      <td>0.124068</td>\n",
       "      <td>0.204125</td>\n",
       "      <td>-0.519308</td>\n",
       "    </tr>\n",
       "    <tr>\n",
       "      <th>venomous</th>\n",
       "      <td>-0.104245</td>\n",
       "      <td>-0.145739</td>\n",
       "      <td>0.098689</td>\n",
       "      <td>-0.242449</td>\n",
       "      <td>0.008528</td>\n",
       "      <td>0.087915</td>\n",
       "      <td>0.115391</td>\n",
       "      <td>-0.062344</td>\n",
       "      <td>-0.246611</td>\n",
       "      <td>-0.120752</td>\n",
       "      <td>1.000000</td>\n",
       "      <td>-0.033956</td>\n",
       "      <td>0.022964</td>\n",
       "      <td>-0.162724</td>\n",
       "      <td>-0.003252</td>\n",
       "      <td>-0.183748</td>\n",
       "      <td>0.321476</td>\n",
       "    </tr>\n",
       "    <tr>\n",
       "      <th>fins</th>\n",
       "      <td>-0.280313</td>\n",
       "      <td>-0.223541</td>\n",
       "      <td>0.164796</td>\n",
       "      <td>-0.156328</td>\n",
       "      <td>-0.251157</td>\n",
       "      <td>0.604492</td>\n",
       "      <td>0.190302</td>\n",
       "      <td>0.364292</td>\n",
       "      <td>0.209499</td>\n",
       "      <td>-0.617219</td>\n",
       "      <td>-0.033956</td>\n",
       "      <td>1.000000</td>\n",
       "      <td>-0.605652</td>\n",
       "      <td>0.204349</td>\n",
       "      <td>-0.093887</td>\n",
       "      <td>0.031705</td>\n",
       "      <td>0.099430</td>\n",
       "    </tr>\n",
       "    <tr>\n",
       "      <th>legs</th>\n",
       "      <td>0.394009</td>\n",
       "      <td>-0.206686</td>\n",
       "      <td>-0.224918</td>\n",
       "      <td>0.214196</td>\n",
       "      <td>0.043712</td>\n",
       "      <td>-0.360638</td>\n",
       "      <td>-0.099723</td>\n",
       "      <td>-0.193476</td>\n",
       "      <td>-0.432856</td>\n",
       "      <td>0.369868</td>\n",
       "      <td>0.022964</td>\n",
       "      <td>-0.605652</td>\n",
       "      <td>1.000000</td>\n",
       "      <td>-0.348295</td>\n",
       "      <td>0.073931</td>\n",
       "      <td>0.068791</td>\n",
       "      <td>0.131693</td>\n",
       "    </tr>\n",
       "    <tr>\n",
       "      <th>tail</th>\n",
       "      <td>0.048973</td>\n",
       "      <td>0.292569</td>\n",
       "      <td>-0.221090</td>\n",
       "      <td>0.210026</td>\n",
       "      <td>0.009482</td>\n",
       "      <td>-0.034642</td>\n",
       "      <td>0.018947</td>\n",
       "      <td>0.310368</td>\n",
       "      <td>0.731762</td>\n",
       "      <td>0.088952</td>\n",
       "      <td>-0.162724</td>\n",
       "      <td>0.204349</td>\n",
       "      <td>-0.348295</td>\n",
       "      <td>1.000000</td>\n",
       "      <td>0.023434</td>\n",
       "      <td>0.243277</td>\n",
       "      <td>-0.631830</td>\n",
       "    </tr>\n",
       "    <tr>\n",
       "      <th>domestic</th>\n",
       "      <td>0.207208</td>\n",
       "      <td>0.031586</td>\n",
       "      <td>-0.155610</td>\n",
       "      <td>0.163928</td>\n",
       "      <td>0.063274</td>\n",
       "      <td>-0.224308</td>\n",
       "      <td>-0.309794</td>\n",
       "      <td>0.069430</td>\n",
       "      <td>0.101733</td>\n",
       "      <td>0.124068</td>\n",
       "      <td>-0.003252</td>\n",
       "      <td>-0.093887</td>\n",
       "      <td>0.073931</td>\n",
       "      <td>0.023434</td>\n",
       "      <td>1.000000</td>\n",
       "      <td>0.020073</td>\n",
       "      <td>-0.181043</td>\n",
       "    </tr>\n",
       "    <tr>\n",
       "      <th>catsize</th>\n",
       "      <td>0.455020</td>\n",
       "      <td>-0.135934</td>\n",
       "      <td>-0.514650</td>\n",
       "      <td>0.574906</td>\n",
       "      <td>-0.349768</td>\n",
       "      <td>-0.111866</td>\n",
       "      <td>0.144790</td>\n",
       "      <td>0.344010</td>\n",
       "      <td>0.356976</td>\n",
       "      <td>0.204125</td>\n",
       "      <td>-0.183748</td>\n",
       "      <td>0.031705</td>\n",
       "      <td>0.068791</td>\n",
       "      <td>0.243277</td>\n",
       "      <td>0.020073</td>\n",
       "      <td>1.000000</td>\n",
       "      <td>-0.521030</td>\n",
       "    </tr>\n",
       "    <tr>\n",
       "      <th>type</th>\n",
       "      <td>-0.562384</td>\n",
       "      <td>-0.197520</td>\n",
       "      <td>0.661825</td>\n",
       "      <td>-0.723683</td>\n",
       "      <td>0.022677</td>\n",
       "      <td>0.326639</td>\n",
       "      <td>0.061179</td>\n",
       "      <td>-0.471527</td>\n",
       "      <td>-0.828845</td>\n",
       "      <td>-0.519308</td>\n",
       "      <td>0.321476</td>\n",
       "      <td>0.099430</td>\n",
       "      <td>0.131693</td>\n",
       "      <td>-0.631830</td>\n",
       "      <td>-0.181043</td>\n",
       "      <td>-0.521030</td>\n",
       "      <td>1.000000</td>\n",
       "    </tr>\n",
       "  </tbody>\n",
       "</table>\n",
       "</div>"
      ],
      "text/plain": [
       "              hair  feathers      eggs      milk  airborne   aquatic  \\\n",
       "hair      1.000000 -0.427851 -0.817382  0.878503 -0.198431 -0.473554   \n",
       "feathers -0.427851  1.000000  0.419248 -0.410761  0.656553 -0.058552   \n",
       "eggs     -0.817382  0.419248  1.000000 -0.938848  0.376646  0.376244   \n",
       "milk      0.878503 -0.410761 -0.938848  1.000000 -0.366765 -0.362613   \n",
       "airborne -0.198431  0.656553  0.376646 -0.366765  1.000000 -0.172638   \n",
       "aquatic  -0.473554 -0.058552  0.376244 -0.362613 -0.172638  1.000000   \n",
       "predator -0.154769 -0.104430  0.011605 -0.029721 -0.295181  0.375978   \n",
       "toothed   0.492531 -0.613631 -0.642150  0.628168 -0.594311  0.053150   \n",
       "backbone  0.191681  0.231403 -0.340420  0.384958 -0.104718  0.022463   \n",
       "breathes  0.441149  0.254588 -0.382777  0.423527  0.286039 -0.637506   \n",
       "venomous -0.104245 -0.145739  0.098689 -0.242449  0.008528  0.087915   \n",
       "fins     -0.280313 -0.223541  0.164796 -0.156328 -0.251157  0.604492   \n",
       "legs      0.394009 -0.206686 -0.224918  0.214196  0.043712 -0.360638   \n",
       "tail      0.048973  0.292569 -0.221090  0.210026  0.009482 -0.034642   \n",
       "domestic  0.207208  0.031586 -0.155610  0.163928  0.063274 -0.224308   \n",
       "catsize   0.455020 -0.135934 -0.514650  0.574906 -0.349768 -0.111866   \n",
       "type     -0.562384 -0.197520  0.661825 -0.723683  0.022677  0.326639   \n",
       "\n",
       "          predator   toothed  backbone  breathes  venomous      fins  \\\n",
       "hair     -0.154769  0.492531  0.191681  0.441149 -0.104245 -0.280313   \n",
       "feathers -0.104430 -0.613631  0.231403  0.254588 -0.145739 -0.223541   \n",
       "eggs      0.011605 -0.642150 -0.340420 -0.382777  0.098689  0.164796   \n",
       "milk     -0.029721  0.628168  0.384958  0.423527 -0.242449 -0.156328   \n",
       "airborne -0.295181 -0.594311 -0.104718  0.286039  0.008528 -0.251157   \n",
       "aquatic   0.375978  0.053150  0.022463 -0.637506  0.087915  0.604492   \n",
       "predator  1.000000  0.129452  0.051022 -0.262931  0.115391  0.190302   \n",
       "toothed   0.129452  1.000000  0.575085 -0.065690 -0.062344  0.364292   \n",
       "backbone  0.051022  0.575085  1.000000  0.207666 -0.246611  0.209499   \n",
       "breathes -0.262931 -0.065690  0.207666  1.000000 -0.120752 -0.617219   \n",
       "venomous  0.115391 -0.062344 -0.246611 -0.120752  1.000000 -0.033956   \n",
       "fins      0.190302  0.364292  0.209499 -0.617219 -0.033956  1.000000   \n",
       "legs     -0.099723 -0.193476 -0.432856  0.369868  0.022964 -0.605652   \n",
       "tail      0.018947  0.310368  0.731762  0.088952 -0.162724  0.204349   \n",
       "domestic -0.309794  0.069430  0.101733  0.124068 -0.003252 -0.093887   \n",
       "catsize   0.144790  0.344010  0.356976  0.204125 -0.183748  0.031705   \n",
       "type      0.061179 -0.471527 -0.828845 -0.519308  0.321476  0.099430   \n",
       "\n",
       "              legs      tail  domestic   catsize      type  \n",
       "hair      0.394009  0.048973  0.207208  0.455020 -0.562384  \n",
       "feathers -0.206686  0.292569  0.031586 -0.135934 -0.197520  \n",
       "eggs     -0.224918 -0.221090 -0.155610 -0.514650  0.661825  \n",
       "milk      0.214196  0.210026  0.163928  0.574906 -0.723683  \n",
       "airborne  0.043712  0.009482  0.063274 -0.349768  0.022677  \n",
       "aquatic  -0.360638 -0.034642 -0.224308 -0.111866  0.326639  \n",
       "predator -0.099723  0.018947 -0.309794  0.144790  0.061179  \n",
       "toothed  -0.193476  0.310368  0.069430  0.344010 -0.471527  \n",
       "backbone -0.432856  0.731762  0.101733  0.356976 -0.828845  \n",
       "breathes  0.369868  0.088952  0.124068  0.204125 -0.519308  \n",
       "venomous  0.022964 -0.162724 -0.003252 -0.183748  0.321476  \n",
       "fins     -0.605652  0.204349 -0.093887  0.031705  0.099430  \n",
       "legs      1.000000 -0.348295  0.073931  0.068791  0.131693  \n",
       "tail     -0.348295  1.000000  0.023434  0.243277 -0.631830  \n",
       "domestic  0.073931  0.023434  1.000000  0.020073 -0.181043  \n",
       "catsize   0.068791  0.243277  0.020073  1.000000 -0.521030  \n",
       "type      0.131693 -0.631830 -0.181043 -0.521030  1.000000  "
      ]
     },
     "execution_count": 228,
     "metadata": {},
     "output_type": "execute_result"
    }
   ],
   "source": [
    "#checking if any correlation \n",
    "df.corr()"
   ]
  },
  {
   "cell_type": "code",
   "execution_count": 229,
   "id": "98ea20bb",
   "metadata": {},
   "outputs": [
    {
     "data": {
      "text/plain": [
       "(101, 18)"
      ]
     },
     "execution_count": 229,
     "metadata": {},
     "output_type": "execute_result"
    }
   ],
   "source": [
    "#checking the shape of the data \n",
    "df.shape"
   ]
  },
  {
   "cell_type": "markdown",
   "id": "d0ffb0bc",
   "metadata": {},
   "source": [
    "# EDA and Visualization"
   ]
  },
  {
   "cell_type": "code",
   "execution_count": 230,
   "id": "90f5b11b",
   "metadata": {},
   "outputs": [
    {
     "data": {
      "text/plain": [
       "Text(0, 0.5, 'frequency')"
      ]
     },
     "execution_count": 230,
     "metadata": {},
     "output_type": "execute_result"
    },
    {
     "data": {
